107.83 62.02 127.76 72.36 138.10 153.90 170.76 170.31 240.84 98.04 153.96 170.66 98.10 164.40 196.02 209.39 104.03 61.78 -106.61 70.92 -44.36 53.41 133.10 41.73 91.03 67.14 185.23
62.02 121.05 72.36 228.61 156.38 107.07 167.78 240.84 98.04 153.96 143.37 141.75 164.40 164.20 209.39 123.21 61.78 -106.61 68.27 -44.36 2.58 231.28 76.22 29.39 67.14 73.37 36.73
121.05 168.09 228.61 175.27 128.77 170.76 168.57 98.04 153.96 143.37 111.89 179.33 164.20 211.18 123.21 145.19 -106.61 68.27 -59.10 2.58 81.81 150.84 103.24 63.37 73.37 106.91 96.46
168.09 116.46 175.27 109.36 119.56 167.78 151.77 153.96 143.37 111.89 154.69 136.69 211.18 250.86 145.19 170.40 68.27 -59.10 128.89 81.81 37.67 115.05 77.73 57.54 106.91 99.49 -3.64
116.46 45.45 109.36 55.69 197.76 168.57 220.87 143.37 111.89 154.69 67.88 65.92 250.86 175.00 170.40 142.91 -59.10 128.89 45.94 37.67 154.02 171.13 74.44 85.80 99.49 78.50 16.94
45.45 118.57 55.69 123.42 124.79 151.77 204.86 111.89 154.69 67.88 199.61 121.62 175.00 186.60 142.91 126.89 128.89 45.94 -17.77 154.02 67.42 222.58 89.68 29.88 78.50 74.67 -68.66
118.57 93.45 123.42 31.02 210.94 220.87 61.87 154.69 67.88 199.61 170.33 105.27 186.60 24.51 126.89 89.50 45.94 -17.77 30.39 67.42 -54.12 143.95 91.60 68.89 74.67 17.45 62.61
93.45 133.62 31.02 183.04 73.41 204.86 92.60 67.88 199.61 170.33 260.23 128.32 24.51 99.82 89.50 32.86 -17.77 30.39 7.77 -54.12 122.85 124.91 56.12 38.68 17.45 -45.03 46.96
133.62 177.27 183.04 166.56 153.68 61.87 256.84 199.61 170.33 260.23 252.02 178.40 99.82 161.75 32.86 132.54 30.39 7.77 184.15 122.85 88.87 119.78 32.05 -1.54 -45.03 111.70 117.46
65.64 127.76 113.39 110.32 91.42 240.84 153.96 191.40 191.45 241.02 147.02 98.10 153.36 112.44 258.77 179.85 70.92 -44.36 2.58 31.76 82.94 2.60 -0.00 67.14 62.88 17.78 38.03
127.76 72.36 110.32 110.94 163.11 98.04 143.37 191.45 241.02 147.02 147.67 164.40 112.44 42.26 179.85 299.15 -44.36 2.58 81.81 82.94 44.01 152.08 2.34 73.37 17.78 72.58 123.08
72.36 228.61 110.94 182.97 156.75 153.96 111.89 241.02 147.02 147.67 99.30 164.20 42.26 212.61 299.15 231.65 2.58 81.81 37.67 44.01 -50.48 67.04 111.54 106.91 72.58 -19.59 13.73
228.61 175.27 182.97 90.27 116.06 143.37 154.69 147.02 147.67 99.30 190.55 211.18 212.61 172.80 231.65 109.41 81.81 37.67 154.02 -50.48 109.72 83.52 7.96 99.49 -19.59 118.83 68.79
175.27 109.36 90.27 87.34 216.01 111.89 67.88 147.67 99.30 190.55 125.26 250.86 172.80 162.71 109.41 146.18 37.67 154.02 67.42 109.72 100.40 103.41 173.09 78.50 118.83 123.41 45.60
109.36 55.69 87.34 139.52 187.87 154.69 199.61 99.30 190.55 125.26 75.71 175.00 162.71 156.55 146.18 177.04 154.02 67.42 -54.12 100.40 84.72 115.96 93.53 74.67 123.41 21.31 56.68
55.69 123.42 139.52 156.95 252.35 67.88 170.33 190.55 125.26 75.71 204.91 186.60 156.55 108.00 177.04 180.36 67.42 -54.12 122.85 84.72 36.86 136.64 52.01 17.45 21.31 35.03 -2.33
123.42 31.02 156.95 119.31 35.80 199.61 260.23 125.26 75.71 204.91 126.67 24.51 108.00 78.83 180.36 154.43 -54.12 122.85 88.87 36.86 67.19 229.58 73.71 -45.03 35.03 -15.64 49.71
31.02 183.04 119.31 64.42 130.95 170.33 252.02 75.71 204.91 126.67 162.38 99.82 78.83 103.08 154.43 153.65 122.85 88.87 63.89 67.19 34.72 209.87 107.60 111.70 -15.64 46.69 121.94
68.25 113.39 83.40 85.97 52.34 191.45 147.02 131.03 200.37 165.39 184.02 153.36 52.55 176.33 142.54 191.17 31.76 82.94 44.01 132.47 29.51 58.22 17.26 17.78 60.42 -15.96 120.20
113.39 110.32 85.97 93.44 110.13 241.02 147.67 200.37 165.39 184.02 161.90 112.44 176.33 115.83 191.17 134.55 82.94 44.01 -50.48 29.51 -10.43 86.25 38.06 72.58 -15.96 45.14 66.85
110.32 110.94 93.44 205.96 53.92 147.02 99.30 165.39 184.02 161.90 85.50 42.26 115.83 164.14 134.55 82.65 44.01 -50.48 109.72 -10.43 81.84 72.75 93.68 -19.59 45.14 44.43 82.84
110.94 182.97 205.96 122.36 193.53 147.67 190.55 184.02 161.90 85.50 142.83 212.61 164.14 233.63 82.65 126.29 -50.48 109.72 100.40 81.84 106.42 28.38 24.09 118.83 44.43 52.60 -36.77
182.97 90.27 122.36 131.41 84.99 99.30 125.26 161.90 85.50 142.83 99.67 172.80 233.63 197.64 126.29 118.66 109.72 100.40 84.72 106.42 135.56 131.56 222.12 123.41 52.60 47.77 51.83
90.27 87.34 131.41 50.06 198.31 190.55 75.71 85.50 142.83 99.67 172.51 162.71 197.64 183.91 118.66 89.06 100.40 84.72 36.86 135.56 63.47 99.20 53.19 21.31 47.77 147.59 31.20
87.34 139.52 50.06 133.39 84.87 125.26 204.91 142.83 99.67 172.51 144.67 156.55 183.91 90.03 89.06 141.10 84.72 36.86 67.19 63.47 117.53 74.12 16.39 35.03 147.59 50.62 65.42
139.52 156.95 133.39 72.49 135.36 75.71 126.67 99.67 172.51 144.67 108.17 108.00 90.03 220.66 141.10 164.90 36.86 67.19 34.72 117.53 15.17 22.64 8.34 -15.64 50.62 -42.41 121.16
156.95 119.31 72.49 89.19 125.10 204.91 162.38 172.51 144.67 108.17 174.97 78.83 220.66 114.56 164.90 86.51 67.19 34.72 63.84 15.17 8.96 168.90 -12.77 46.69 -42.41 -64.12 73.36
165.45 83.40 157.49 166.43 17.46 200.37 184.02 116.80 86.27 226.13 156.26 52.55 105.54 145.85 265.24 170.86 132.47 29.51 -10.43 21.33 169.56 103.05 -33.11 -15.96 9.18 58.11 64.61
83.40 85.97 166.43 102.49 169.01 165.39 161.90 86.27 226.13 156.26 171.33 176.33 145.85 187.05 170.86 104.49 29.51 -10.43 81.84 169.56 57.96 119.22 62.98 45.14 58.11 26.20 150.15
85.97 93.44 102.49 194.11 119.67 184.02 85.50 226.13 156.26 171.33 217.88 115.83 187.05 119.86 104.49 41.05 -10.43 81.84 106.42 57.96 47.08 84.52 71.91 44.43 26.20 16.86 97.41
93.44 205.96 194.11 123.08 159.56 161.90 142.83 156.26 171.33 217.88 214.47 164.14 119.86 152.08 41.05 159.62 81.84 106.42 135.56 47.08 111.72 100.63 37.10 52.60 16.86 115.35 42.41
205.96 122.36 123.08 -13.97 126.71 85.50 99.67 171.33 217.88 214.47 182.87 233.63 152.08 159.65 159.62 188.68 106.42 135.56 63.47 111.72 99.58 132.89 207.22 47.77 115.35 18.83 33.53
122.36 131.41 -13.97 95.63 155.52 142.83 172.51 217.88 214.47 182.87 60.05 197.64 159.65 106.00 188.68 112.40 135.56 63.47 117.53 99.58 114.13 130.24 97.84 147.59 18.83 25.40 108.74
131.41 50.06 95.63 72.65 208.00 99.67 144.67 214.47 182.87 60.05 31.58 183.91 106.00 81.59 112.40 146.06 63.47 117.53 15.17 114.13 12.87 219.46 99.46 50.62 25.40 -0.82 181.22
50.06 133.39 72.65 171.41 97.88 172.51 108.17 182.87 60.05 31.58 239.14 90.03 81.59 185.54 146.06 124.97 117.53 15.17 8.96 12.87 42.90 98.67 37.82 -42.41 -0.82 -97.46 99.11
133.39 72.49 171.41 93.28 155.51 144.67 174.97 60.05 31.58 239.14 204.58 220.66 185.54 140.07 124.97 28.15 15.17 8.96 136.66 42.90 111.91 144.04 66.17 -64.12 -97.46 -13.00 85.02
218.89 157.49 211.56 206.60 0.28 86.27 156.26 76.82 45.25 80.71 177.52 105.54 16.10 154.70 119.37 182.24 21.33 169.56 57.96 138.76 67.53 84.61 23.42 58.11 -42.70 28.74 107.76
157.49 166.43 206.60 294.60 8.86 226.13 171.33 45.25 80.71 177.52 195.11 145.85 154.70 147.88 182.24 106.69 169.56 57.96 47.08 67.53 115.82 206.11 2.74 26.20 28.74 12.05 163.39
166.43 102.49 294.60 167.69 114.42 156.26 217.88 80.71 177.52 195.11 99.46 187.05 147.88 113.72 106.69 115.05 57.96 47.08 111.72 115.82 150.31 220.88 41.81 16.86 12.05 67.27 93.48
102.49 194.11 167.69 203.81 106.26 171.33 214.47 177.52 195.11 99.46 145.89 119.86 113.72 90.22 115.05 71.00 47.08 111.72 99.58 150.31 93.77 151.73 111.35 115.35 67.27 74.87 95.84
194.11 123.08 203.81 69.94 193.77 217.88 182.87 195.11 99.46 145.89 86.63 152.08 90.22 197.14 71.00 76.39 111.72 99.58 114.13 93.77 187.79 88.98 128.86 18.83 74.87 257.04 170.80
123.08 -13.97 69.94 134.07 122.32 214.47 60.05 99.46 145.89 86.63 28.63 159.65 197.14 32.27 76.39 155.26 99.58 114.13 12.87 187.79 169.53 142.11 256.11 25.40 257.04 90.62 241.43
-13.97 95.63 134.07 224.73 151.92 182.87 31.58 145.89 86.63 28.63 146.00 106.00 32.27 96.39 155.26 144.32 114.13 12.87 42.90 169.53 213.53 195.47 137.35 -0.82 90.62 56.17 19.63
95.63 72.65 224.73 134.90 157.03 60.05 239.14 86.63 28.63 146.00 38.30 81.59 96.39 4.83 144.32 60.40 12.87 42.90 111.91 213.53 200.51 151.50 119.03 -97.46 56.17 123.93 96.35
72.65 171.41 134.90 77.41 182.25 31.58 204.58 28.63 146.00 38.30 20.16 185.54 4.83 62.13 60.40 45.79 42.90 111.91 122.57 200.51 232.96 271.83 234.41 -13.00 123.93 68.52 119.24
267.59 211.56 174.47 195.62 112.89 45.25 177.52 125.12 137.35 53.37 13.08 16.10 64.58 96.28 126.90 32.60 138.76 67.53 115.82 49.91 105.60 150.90 90.75 28.74 16.50 123.42 35.41
211.56 206.60 195.62 248.06 138.02 80.71 195.11 137.35 53.37 13.08 66.65 154.70 96.28 60.71 32.60 105.11 67.53 115.82 150.31 105.60 44.35 93.90 94.68 12.05 123.42 146.11 99.61
206.60 294.60 248.06 149.03 239.92 177.52 99.46 53.37 13.08 66.65 25.81 147.88 60.71 -15.71 105.11 122.33 115.82 150.31 93.77 44.35 89.52 153.43 103.77 67.27 146.11 68.29 -2.20
294.60 167.69 149.03 202.14 176.63 195.11 145.89 13.08 66.65 25.81 67.00 113.72 -15.71 116.91 122.33 44.82 150.31 93.77 187.79 89.52 109.55 180.18 0.98 74.87 68.29 98.70 43.68
167.69 203.81 202.14 165.23 227.97 99.46 86.63 66.65 25.81 67.00 37.17 90.22 116.91 27.99 44.82 -4.19 93.77 187.79 169.53 109.55 163.93 165.70 75.32 257.04 98.70 141.70 19.16
203.81 69.94 165.23 112.08 137.00 145.89 28.63 25.81 67.00 37.17 40.16 197.14 27.99 104.62 -4.19 21.73 187.79 169.53 213.53 163.93 155.72 21.65 213.35 90.62 141.70 150.68 103.35
69.94 134.07 112.08 210.41 174.97 86.63 146.00 67.00 37.17 40.16 97.40 32.27 104.62 3.82 21.73 47.77 169.53 213.53 200.51 155.72 63.30 265.88 190.68 56.17 150.68 115.87 85.93
134.07 224.73 210.41 159.95 197.46 28.63 38.30 37.17 40.16 97.40 88.17 96.39 3.82 69.15 47.77 164.12 213.53 200.51 232.96 63.30 187.08 169.88 86.41 123.93 115.87 143.14 161.20
224.73 134.90 159.95 125.23 184.42 146.00 20.16 40.16 97.40 88.17 55.80 4.83 69.15 26.76 164.12 26.78 200.51 232.96 172.26 187.08 133.24 268.55 83.35 68.52 143.14 91.68 86.64
235.62 174.47 128.43 108.91 176.10 137.35 13.08 52.44 32.57 46.84 149.94 64.58 44.33 185.18 51.79 -7.61 49.91 105.60 44.35 87.73 153.02 184.29 106.27 123.42 53.70 60.31 45.55
174.47 195.62 108.91 178.15 284.71 53.37 66.65 32.57 46.84 149.94 43.78 96.28 185.18 17.48 -7.61 15.08 105.60 44.35 89.52 153.02 133.38 185.38 169.48 146.11 60.31 3.06 16.78
195.62 248.06 178.15 204.49 173.73 13.08 25.81 46.84 149.94 43.78 113.44 60.71 17.48 57.65 15.08 -8.33 44.35 89.52 109.55 133.38 104.22 234.55 56.05 68.29 3.06 120.29 -10.24
248.06 149.03 204.49 227.14 239.59 66.65 67.00 149.94 43.78 113.44 112.21 -15.71 57.65 52.29 -8.33 18.79 89.52 109.55 163.93 104.22 94.63 222.77 111.46 98.70 120.29 76.42 48.47
149.03 202.14 227.14 183.90 152.10 25.81 37.17 43.78 113.44 112.21 118.52 116.91 52.29 110.69 18.79 31.35 109.55 163.93 155.72 94.63 169.69 217.34 117.53 141.70 76.42 22.16 69.65
202.14 165.23 183.90 189.36 204.78 67.00 40.16 113.44 112.21 118.52 -22.09 27.99 110.69 66.95 31.35 -1.56 163.93 155.72 63.30 169.69 118.30 212.87 88.57 150.68 22.16 57.33 -26.31
165.23 112.08 189.36 121.97 163.90 37.17 97.40 112.21 118.52 -22.09 131.52 104.62 66.95 143.45 -1.56 27.56 155.72 63.30 187.08 118.30 79.20 195.45 150.16 115.87 57.33 54.29 25.20
112.08 210.41 121.97 267.80 188.81 40.16 88.17 118.52 -22.09 131.52 31.82 3.82 143.45 184.16 27.56 -32.80 63.30 187.08 133.24 79.20 108.72 220.42 139.50 143.14 54.29 139.27 60.10
210.41 159.95 267.80 156.90 285.04 97.40 55.80 -22.09 131.52 31.82 -23.91 69.15 184.16 117.63 -32.80 114.76 187.08 133.24 103.60 108.72 86.39 127.59 149.05 91.68 139.27 59.77 206.89
219.17 128.43 192.42 142.07 195.24 32.57 149.94 133.91 62.81 130.11 9.23 44.33 36.50 55.00 76.70 104.03 87.73 153.02 133.38 189.63 127.86 234.18 110.13 60.31 62.25 69.11 29.91
128.43 108.91 142.07 196.52 233.55 46.84 43.78 62.81 130.11 9.23 74.85 185.18 55.00 137.86 104.03 61.78 153.02 133.38 104.22 127.86 88.53 170.02 73.89 3.06 69.11 96.14 78.39
108.91 178.15 196.52 180.11 177.74 149.94 113.44 130.11 9.23 74.85 28.05 17.48 137.86 -46.89 61.78 -106.61 133.38 104.22 94.63 88.53 164.07 204.01 29.33 120.29 96.14 31.08 123.95
178.15 204.49 180.11 184.47 263.07 43.78 112.21 9.23 74.85 28.05 15.67 57.65 -46.89 139.09 -106.61 68.27 104.22 94.63 169.69 164.07 126.94 141.98 134.11 76.42 31.08 13.63 53.33
204.49 227.14 184.47 235.06 209.57 113.44 118.52 74.85 28.05 15.67 105.35 52.29 139.09 151.21 68.27 -59.10 94.63 169.69 118.30 126.94 98.30 216.17 72.69 22.16 13.63 67.97 73.08
227.14 183.90 235.06 160.08 319.00 112.21 -22.09 28.05 15.67 105.35 96.75 110.69 151.21 129.08 -59.10 128.89 169.69 118.30 79.20 98.30 33.38 196.28 78.25 57.33 67.97 92.73 52.63
183.90 189.36 160.08 145.98 252.16 118.52 131.52 15.67 105.35 96.75 104.22 66.95 129.08 71.30 128.89 45.94 118.30 79.20 108.72 33.38 120.88 225.74 78.22 54.29 92.73 70.35 59.44
189.36 121.97 145.98 210.35 241.95 -22.09 31.82 105.35 96.75 104.22 19.40 143.45 71.30 30.66 45.94 -17.77 79.20 108.72 86.39 120.88 170.62 178.90 29.04 139.27 70.35 86.14 61.44
121.97 267.80 210.35 162.25 244.88 131.52 -23.91 96.75 104.22 19.40 37.42 184.16 30.66 201.45 -17.77 30.39 108.72 86.39 141.45 170.62 184.98 190.92 149.49 59.77 86.14 112.23 28.28
260.61 192.42 189.10 120.09 212.10 62.81 9.23 114.19 84.02 61.81 17.34 36.50 56.24 -8.41 -0.84 70.92 189.63 127.86 88.53 119.28 154.31 125.29 123.27 69.11 44.53 10.31 56.89
192.42 142.07 120.09 185.45 218.11 130.11 74.85 84.02 61.81 17.34 88.19 55.00 -8.41 108.87 70.92 -44.36 127.86 88.53 164.07 154.31 161.15 230.63 61.20 96.14 10.31 56.68 19.84
142.07 196.52 185.45 246.02 178.38 9.23 28.05 61.81 17.34 88.19 87.26 137.86 108.87 107.48 -44.36 2.58 88.53 164.07 126.94 161.15 128.48 196.94 102.60 31.08 56.68 72.89 79.33
196.52 180.11 246.02 218.00 192.10 74.85 15.67 17.34 88.19 87.26 190.31 -46.89 107.48 161.34 2.58 81.81 164.07 126.94 98.30 128.48 205.22 173.46 66.73 13.63 72.89 58.78 -22.35
180.11 184.47 218.00 180.83 115.55 28.05 105.35 88.19 87.26 190.31 -2.42 139.09 161.34 43.94 81.81 37.67 126.94 98.30 33.38 205.22 73.06 179.20 124.28 67.97 58.78 52.29 40.25
184.47 235.06 180.83 187.01 183.69 15.67 96.75 87.26 190.31 -2.42 78.87 151.21 43.94 93.31 37.67 154.02 98.30 33.38 120.88 73.06 118.68 157.55 233.37 92.73 52.29 93.62 38.17
235.06 160.08 187.01 137.39 286.02 105.35 104.22 190.31 -2.42 78.87 91.50 129.08 93.31 37.75 154.02 67.42 33.38 120.88 170.62 118.68 154.92 191.96 65.03 70.35 93.62 23.21 96.21
160.08 145.98 137.39 213.49 244.63 96.75 19.40 -2.42 78.87 91.50 65.38 71.30 37.75 115.45 67.42 -54.12 120.88 170.62 184.98 154.92 159.73 222.49 142.39 86.14 23.21 69.72 49.10
145.98 210.35 213.49 208.15 177.64 104.22 37.42 78.87 91.50 65.38 6.24 30.66 115.45 149.84 -54.12 122.85 170.62 184.98 104.04 159.73 114.22 231.70 62.08 112.23 69.72 121.83 26.51
107.83 62.02 127.76 72.36 138.10 153.90 170.76 170.31 240.84 98.04 153.96 170.66 98.10 164.40 196.02 209.39 104.03 61.78 -106.61 70.92 -44.36 53.41 133.10 41.73 91.03 67.14 185.23
62.02 121.05 72.36 228.61 156.38 107.07 167.78 240.84 98.04 153.96 143.37 141.75 164.40 164.20 209.39 123.21 61.78 -106.61 68.27 -44.36 2.58 231.28 76.22 29.39 67.14 73.37 36.73
121.05 168.09 228.61 175.27 128.77 170.76 168.57 98.04 153.96 143.37 111.89 179.33 164.20 211.18 123.21 145.19 -106.61 68.27 -59.10 2.58 81.81 150.84 103.24 63.37 73.37 106.91 96.46
168.09 116.46 175.27 109.36 119.56 167.78 151.77 153.96 143.37 111.89 154.69 136.69 211.18 250.86 145.19 170.40 68.27 -59.10 128.89 81.81 37.67 115.05 77.73 57.54 106.91 99.49 -3.64
116.46 45.45 109.36 55.69 197.76 168.57 220.87 143.37 111.89 154.69 67.88 65.92 250.86 175.00 170.40 142.91 -59.10 128.89 45.94 37.67 154.02 171.13 74.44 85.80 99.49 78.50 16.94
45.45 118.57 55.69 123.42 124.79 151.77 204.86 111.89 154.69 67.88 199.61 121.62 175.00 186.60 142.91 126.89 128.89 45.94 -17.77 154.02 67.42 222.58 89.68 29.88 78.50 74.67 -68.66
118.57 93.45 123.42 31.02 210.94 220.87 61.87 154.69 67.88 199.61 170.33 105.27 186.60 24.51 126.89 89.50 45.94 -17.77 30.39 67.42 -54.12 143.95 91.60 68.89 74.67 17.45 62.61
93.45 133.62 31.02 183.04 73.41 204.86 92.60 67.88 199.61 170.33 260.23 128.32 24.51 99.82 89.50 32.86 -17.77 30.39 7.77 -54.12 122.85 124.91 56.12 38.68 17.45 -45.03 46.96
133.62 177.27 183.04 166.56 153.68 61.87 256.84 199.61 170.33 260.23 252.02 178.40 99.82 161.75 32.86 132.54 30.39 7.77 184.15 122.85 88.87 119.78 32.05 -1.54 -45.03 111.70 117.46
65.64 127.76 113.39 110.32 91.42 240.84 153.96 191.40 191.45 241.02 147.02 98.10 153.36 112.44 258.77 179.85 70.92 -44.36 2.58 31.76 82.94 2.60 -0.00 67.14 62.88 17.78 38.03
127.76 72.36 110.32 110.94 163.11 98.04 143.37 191.45 241.02 147.02 147.67 164.40 112.44 42.26 179.85 299.15 -44.36 2.58 81.81 82.94 44.01 152.08 2.34 73.37 17.78 72.58 123.08
72.36 228.61 110.94 182.97 156.75 153.96 111.89 241.02 147.02 147.67 99.30 164.20 42.26 212.61 299.15 231.65 2.58 81.81 37.67 44.01 -50.48 67.04 111.54 106.91 72.58 -19.59 13.73
228.61 175.27 182.97 90.27 116.06 143.37 154.69 147.02 147.67 99.30 190.55 211.18 212.61 172.80 231.65 109.41 81.81 37.67 154.02 -50.48 109.72 83.52 7.96 99.49 -19.59 118.83 68.79
175.27 109.36 90.27 87.34 216.01 111.89 67.88 147.67 99.30 190.55 125.26 250.86 172.80 162.71 109.41 146.18 37.67 154.02 67.42 109.72 100.40 103.41 173.09 78.50 118.83 123.41 45.60
109.36 55.69 87.34 139.52 187.87 154.69 199.61 99.30 190.55 125.26 75.71 175.00 162.71 156.55 146.18 177.04 154.02 67.42 -54.12 100.40 84.72 115.96 93.53 74.67 123.41 21.31 56.68
55.69 123.42 139.52 156.95 252.35 67.88 170.33 190.55 125.26 75.71 204.91 186.60 156.55 108.00 177.04 180.36 67.42 -54.12 122.85 84.72 36.86 136.64 52.01 17.45 21.31 35.03 -2.33
123.42 31.02 156.95 119.31 35.80 199.61 260.23 125.26 75.71 204.91 126.67 24.51 108.00 78.83 180.36 154.43 -54.12 122.85 88.87 36.86 67.19 229.58 73.71 -45.03 35.03 -15.64 49.71
31.02 183.04 119.31 64.42 130.95 170.33 252.02 75.71 204.91 126.67 162.38 99.82 78.83 103.08 154.43 153.65 122.85 88.87 63.89 67.19 34.72 209.87 107.60 111.70 -15.64 46.69 121.94
68.25 113.39 83.40 85.97 52.34 191.45 147.02 131.03 200.37 165.39 184.02 153.36 52.55 176.33 142.54 191.17 31.76 82.94 44.01 132.47 29.51 58.22 17.26 17.78 60.42 -15.96 120.20
113.39 110.32 85.97 93.44 110.13 241.02 147.67 200.37 165.39 184.02 161.90 112.44 176.33 115.83 191.17 134.55 82.94 44.01 -50.48 29.51 -10.43 86.25 38.06 72.58 -15.96 45.14 66.85
110.32 110.94 93.44 205.96 53.92 147.02 99.30 165.39 184.02 161.90 85.50 42.26 115.83 164.14 134.55 82.65 44.01 -50.48 109.72 -10.43 81.84 72.75 93.68 -19.59 45.14 44.43 82.84
110.94 182.97 205.96 122.36 193.53 147.67 190.55 184.02 161.90 85.50 142.83 212.61 164.14 233.63 82.65 126.29 -50.48 109.72 100.40 81.84 106.42 28.38 24.09 118.83 44.43 52.60 -36.77
182.97 90.27 122.36 131.41 84.99 99.30 125.26 161.90 85.50 142.83 99.67 172.80 233.63 197.64 126.29 118.66 109.72 100.40 84.72 106.42 135.56 131.56 222.12 123.41 52.60 47.77 51.83
90.27 87.34 131.41 50.06 198.31 190.55 75.71 85.50 142.83 99.67 172.51 162.71 197.64 183.91 118.66 89.06 100.40 84.72 36.86 135.56 63.47 99.20 53.19 21.31 47.77 147.59 31.20
87.34 139.52 50.06 133.39 84.87 125.26 204.91 142.83 99.67 172.51 144.67 156.55 183.91 90.03 89.06 141.10 84.72 36.86 67.19 63.47 117.53 74.12 16.39 35.03 147.59 50.62 65.42
139.52 156.95 133.39 72.49 135.36 75.71 126.67 99.67 172.51 144.67 108.17 108.00 90.03 220.66 141.10 164.90 36.86 67.19 34.72 117.53 15.17 22.64 8.34 -15.64 50.62 -42.41 121.16
156.95 119.31 72.49 89.19 125.10 204.91 162.38 172.51 144.67 108.17 174.97 78.83 220.66 114.56 164.90 86.51 67.19 34.72 63.84 15.17 8.96 168.90 -12.77 46.69 -42.41 -64.12 73.36
165.45 83.40 157.49 166.43 17.46 200.37 184.02 116.80 86.27 226.13 156.26 52.55 105.54 145.85 265.24 170.86 132.47 29.51 -10.43 21.33 169.56 103.05 -33.11 -15.96 9.18 58.11 64.61
83.40 85.97 166.43 102.49 169.01 165.39 161.90 86.27 226.13 156.26 171.33 176.33 145.85 187.05 170.86 104.49 29.51 -10.43 81.84 169.56 57.96 119.22 62.98 45.14 58.11 26.20 150.15
85.97 93.44 102.49 194.11 119.67 184.02 85.50 226.13 156.26 171.33 217.88 115.83 187.05 119.86 104.49 41.05 -10.43 81.84 106.42 57.96 47.08 84.52 71.91 44.43 26.20 16.86 97.41
93.44 205.96 194.11 123.08 159.56 161.90 142.83 156.26 171.33 217.88 214.47 164.14 119.86 152.08 41.05 159.62 81.84 106.42 135.56 47.08 111.72 100.63 37.10 52.60 16.86 115.35 42.41
205.96 122.36 123.08 -13.97 126.71 85.50 99.67 171.33 217.88 214.47 182.87 233.63 152.08 159.65 159.62 188.68 106.42 135.56 63.47 111.72 99.58 132.89 207.22 47.77 115.35 18.83 33.53
122.36 131.41 -13.97 95.63 155.52 142.83 172.51 217.88 214.47 182.87 60.05 197.64 159.65 106.00 188.68 112.40 135.56 63.47 117.53 99.58 114.13 130.24 97.84 147.59 18.83 25.40 108.74
131.41 50.06 95.63 72.65 208.00 99.67 144.67 214.47 182.87 60.05 31.58 183.91 106.00 81.59 112.40 146.06 63.47 117.53 15.17 114.13 12.87 219.46 99.46 50.62 25.40 -0.82 181.22
50.06 133.39 72.65 171.41 97.88 172.51 108.17 182.87 60.05 31.58 239.14 90.03 81.59 185.54 146.06 124.97 117.53 15.17 8.96 12.87 42.90 98.67 37.82 -42.41 -0.82 -97.46 99.11
133.39 72.49 171.41 93.28 155.51 144.67 174.97 60.05 31.58 239.14 204.58 220.66 185.54 140.07 124.97 28.15 15.17 8.96 136.66 42.90 111.91 144.04 66.17 -64.12 -97.46 -13.00 85.02
218.89 157.49 211.56 206.60 0.28 86.27 156.26 76.82 45.25 80.71 177.52 105.54 16.10 154.70 119.37 182.24 21.33 169.56 57.96 138.76 67.53 84.61 23.42 58.11 -42.70 28.74 107.76
157.49 166.43 206.60 294.60 8.86 226.13 171.33 45.25 80.71 177.52 195.11 145.85 154.70 147.88 182.24 106.69 169.56 57.96 47.08 67.53 115.82 206.11 2.74 26.20 28.74 12.05 163.39
166.43 102.49 294.60 167.69 114.42 156.26 217.88 80.71 177.52 195.11 99.46 187.05 147.88 113.72 106.69 115.05 57.96 47.08 111.72 115.82 150.31 220.88 41.81 16.86 12.05 67.27 93.48
102.49 194.11 167.69 203.81 106.26 171.33 214.47 177.52 195.11 99.46 145.89 119.86 113.72 90.22 115.05 71.00 47.08 111.72 99.58 150.31 93.77 151.73 111.35 115.35 67.27 74.87 95.84
194.11 123.08 203.81 69.94 193.77 217.88 182.87 195.11 99.46 145.89 86.63 152.08 90.22 197.14 71.00 76.39 111.72 99.58 114.13 93.77 187.79 88.98 128.86 18.83 74.87 257.04 170.80
123.08 -13.97 69.94 134.07 122.32 214.47 60.05 99.46 145.89 86.63 28.63 159.65 197.14 32.27 76.39 155.26 99.58 114.13 12.87 187.79 169.53 142.11 256.11 25.40 257.04 90.62 241.43
-13.97 95.63 134.07 224.73 151.92 182.87 31.58 145.89 86.63 28.63 146.00 106.00 32.27 96.39 155.26 144.32 114.13 12.87 42.90 169.53 213.53 195.47 137.35 -0.82 90.62 56.17 19.63
95.63 72.65 224.73 134.90 157.03 60.05 239.14 86.63 28.63 146.00 38.30 81.59 96.39 4.83 144.32 60.40 12.87 42.90 111.91 213.53 200.51 151.50 119.03 -97.46 56.17 123.93 96.35
72.65 171.41 134.90 77.41 182.25 31.58 204.58 28.63 146.00 38.30 20.16 185.54 4.83 62.13 60.40 45.79 42.90 111.91 122.57 200.51 232.96 271.83 234.41 -13.00 123.93 68.52 119.24
267.59 211.56 174.47 195.62 112.89 45.25 177.52 125.12 137.35 53.37 13.08 16.10 64.58 96.28 126.90 32.60 138.76 67.53 115.82 49.91 105.60 150.90 90.75 28.74 16.50 123.42 35.41
211.56 206.60 195.62 248.06 138.02 80.71 195.11 137.35 53.37 13.08 66.65 154.70 96.28 60.71 32.60 105.11 67.53 115.82 150.31 105.60 44.35 93.90 94.68 12.05 123.42 146.11 99.61
206.60 294.60 248.06 149.03 239.92 177.52 99.46 53.37 13.08 66.65 25.81 147.88 60.71 -15.71 105.11 122.33 115.82 150.31 93.77 44.35 89.52 153.43 103.77 67.27 146.11 68.29 -2.20
294.60 167.69 149.03 202.14 176.63 195.11 145.89 13.08 66.65 25.81 67.00 113.72 -15.71 116.91 122.33 44.82 150.31 93.77 187.79 89.52 109.55 180.18 0.98 74.87 68.29 98.70 43.68
167.69 203.81 202.14 165.23 227.97 99.46 86.63 66.65 25.81 67.00 37.17 90.22 116.91 27.99 44.82 -4.19 93.77 187.79 169.53 109.55 163.93 165.70 75.32 257.04 98.70 141.70 19.16
203.81 69.94 165.23 112.08 137.00 145.89 28.63 25.81 67.00 37.17 40.16 197.14 27.99 104.62 -4.19 21.73 187.79 169.53 213.53 163.93 155.72 21.65 213.35 90.62 141.70 150.68 103.35
69.94 134.07 112.08 210.41 174.97 86.63 146.00 67.00 37.17 40.16 97.40 32.27 104.62 3.82 21.73 47.77 169.53 213.53 200.51 155.72 63.30 265.88 190.68 56.17 150.68 115.87 85.93
134.07 224.73 210.41 159.95 197.46 28.63 38.30 37.17 40.16 97.40 88.17 96.39 3.82 69.15 47.77 164.12 213.53 200.51 232.96 63.30 187.08 169.88 86.41 123.93 115.87 143.14 161.20
224.73 134.90 159.95 125.23 184.42 146.00 20.16 40.16 97.40 88.17 55.80 4.83 69.15 26.76 164.12 26.78 200.51 232.96 172.26 187.08 133.24 268.55 83.35 68.52 143.14 91.68 86.64
235.62 174.47 128.43 108.91 176.10 137.35 13.08 52.44 32.57 46.84 149.94 64.58 44.33 185.18 51.79 -7.61 49.91 105.60 44.35 87.73 153.02 184.29 106.27 123.42 53.70 60.31 45.55
174.47 195.62 108.91 178.15 284.71 53.37 66.65 32.57 46.84 149.94 43.78 96.28 185.18 17.48 -7.61 15.08 105.60 44.35 89.52 153.02 133.38 185.38 169.48 146.11 60.31 3.06 16.78
195.62 248.06 178.15 204.49 173.73 13.08 25.81 46.84 149.94 43.78 113.44 60.71 17.48 57.65 15.08 -8.33 44.35 89.52 109.55 133.38 104.22 234.55 56.05 68.29 3.06 120.29 -10.24
248.06 149.03 204.49 227.14 239.59 66.65 67.00 149.94 43.78 113.44 112.21 -15.71 57.65 52.29 -8.33 18.79 89.52 109.55 163.93 104.22 94.63 222.77 111.46 98.70 120.29 76.42 48.47
149.03 202.14 227.14 183.90 152.10 25.81 37.17 43.78 113.44 112.21 118.52 116.91 52.29 110.69 18.79 31.35 109.55 163.93 155.72 94.63 169.69 217.34 117.53 141.70 76.42 22.16 69.65
202.14 165.23 183.90 189.36 204.78 67.00 40.16 113.44 112.21 118.52 -22.09 27.99 110.69 66.95 31.35 -1.56 163.93 155.72 63.30 169.69 118.30 212.87 88.57 150.68 22.16 57.33 -26.31
165.23 112.08 189.36 121.97 163.90 37.17 97.40 112.21 118.52 -22.09 131.52 104.62 66.95 143.45 -1.56 27.56 155.72 63.30 187.08 118.30 79.20 195.45 150.16 115.87 57.33 54.29 25.20
112.08 210.41 121.97 267.80 188.81 40.16 88.17 118.52 -22.09 131.52 31.82 3.82 143.45 184.16 27.56 -32.80 63.30 187.08 133.24 79.20 108.72 220.42 139.50 143.14 54.29 139.27 60.10
210.41 159.95 267.80 156.90 285.04 97.40 55.80 -22.09 131.52 31.82 -23.91 69.15 184.16 117.63 -32.80 114.76 187.08 133.24 103.60 108.72 86.39 127.59 149.05 91.68 139.27 59.77 206.89
219.17 128.43 192.42 142.07 195.24 32.57 149.94 133.91 62.81 130.11 9.23 44.33 36.50 55.00 76.70 104.03 87.73 153.02 133.38 189.63 127.86 234.18 110.13 60.31 62.25 69.11 29.91
128.43 108.91 142.07 196.52 233.55 46.84 43.78 62.81 130.11 9.23 74.85 185.18 55.00 137.86 104.03 61.78 153.02 133.38 104.22 127.86 88.53 170.02 73.89 3.06 69.11 96.14 78.39
108.91 178.15 196.52 180.11 177.74 149.94 113.44 130.11 9.23 74.85 28.05 17.48 137.86 -46.89 61.78 -106.61 133.38 104.22 94.63 88.53 164.07 204.01 29.33 120.29 96.14 31.08 123.95
178.15 204.49 180.11 184.47 263.07 43.78 112.21 9.23 74.85 28.05 15.67 57.65 -46.89 139.09 -106.61 68.27 104.22 94.63 169.69 164.07 126.94 141.98 134.11 76.42 31.08 13.63 53.33
204.49 227.14 184.47 235.06 209.57 113.44 118.52 74.85 28.05 15.67 105.35 52.29 139.09 151.21 68.27 -59.10 94.63 169.69 118.30 126.94 98.30 216.17 72.69 22.16 13.63 67.97 73.08
227.14 183.90 235.06 160.08 319.00 112.21 -22.09 28.05 15.67 105.35 96.75 110.69 151.21 129.08 -59.10 128.89 169.69 118.30 79.20 98.30 33.38 196.28 78.25 57.33 67.97 92.73 52.63
183.90 189.36 160.08 145.98 252.16 118.52 131.52 15.67 105.35 96.75 104.22 66.95 129.08 71.30 128.89 45.94 118.30 79.20 108.72 33.38 120.88 225.74 78.22 54.29 92.73 70.35 59.44
189.36 121.97 145.98 210.35 241.95 -22.09 31.82 105.35 96.75 104.22 19.40 143.45 71.30 30.66 45.94 -17.77 79.20 108.72 86.39 120.88 170.62 178.90 29.04 139.27 70.35 86.14 61.44
121.97 267.80 210.35 162.25 244.88 131.52 -23.91 96.75 104.22 19.40 37.42 184.16 30.66 201.45 -17.77 30.39 108.72 86.39 141.45 170.62 184.98 190.92 149.49 59.77 86.14 112.23 28.28
260.61 192.42 189.10 120.09 212.10 62.81 9.23 114.19 84.02 61.81 17.34 36.50 56.24 -8.41 -0.84 70.92 189.63 127.86 88.53 119.28 154.31 125.29 123.27 69.11 44.53 10.31 56.89
192.42 142.07 120.09 185.45 218.11 130.11 74.85 84.02 61.81 17.34 88.19 55.00 -8.41 108.87 70.92 -44.36 127.86 88.53 164.07 154.31 161.15 230.63 61.20 96.14 10.31 56.68 19.84
142.07 196.52 185.45 246.02 178.38 9.23 28.05 61.81 17.34 88.19 87.26 137.86 108.87 107.48 -44.36 2.58 88.53 164.07 126.94 161.15 128.48 196.94 102.60 31.08 56.68 72.89 79.33
196.52 180.11 246.02 218.00 192.10 74.85 15.67 17.34 88.19 87.26 190.31 -46.89 107.48 161.34 2.58 81.81 164.07 126.94 98.30 128.48 205.22 173.46 66.73 13.63 72.89 58.78 -22.35
180.11 184.47 218.00 180.83 115.55 28.05 105.35 88.19 87.26 190.31 -2.42 139.09 161.34 43.94 81.81 37.67 126.94 98.30 33.38 205.22 73.06 179.20 124.28 67.97 58.78 52.29 40.25
184.47 235.06 180.83 187.01 183.69 15.67 96.75 87.26 190.31 -2.42 78.87 151.21 43.94 93.31 37.67 154.02 98.30 33.38 120.88 73.06 118.68 157.55 233.37 92.73 52.29 93.62 38.17
235.06 160.08 187.01 137.39 286.02 105.35 104.22 190.31 -2.42 78.87 91.50 129.08 93.31 37.75 154.02 67.42 33.38 120.88 170.62 118.68 154.92 191.96 65.03 70.35 93.62 23.21 96.21
160.08 145.98 137.39 213.49 244.63 96.75 19.40 -2.42 78.87 91.50 65.38 71.30 37.75 115.45 67.42 -54.12 120.88 170.62 184.98 154.92 159.73 222.49 142.39 86.14 23.21 69.72 49.10
145.98 210.35 213.49 208.15 177.64 104.22 37.42 78.87 91.50 65.38 6.24 30.66 115.45 149.84 -54.12 122.85 170.62 184.98 104.04 159.73 114.22 231.70 62.08 112.23 69.72 121.83 26.51
